0
0
0
0
1.36183e-06
0
2.72366e-06
2.72366e-06
4.0855e-06
1.36183e-06
1.36183e-06
6.80916e-06
1.36183e-06
2.72366e-06
2.72366e-06
8.17099e-06
1.36183e-05
1.08947e-05
1.08947e-05
1.36183e-05
8.17099e-06
1.6342e-05
2.58748e-05
3.54076e-05
4.22168e-05
7.08153e-05
9.66901e-05
0.000167505
0.000198827
0.000294156
0.000517496
0.000981881
0.00330653
0.00104997
0.000478003
0.000317307
0.000186571
0.000125289
0.000138907
0.000121203
0.000110308
0.000142992
0.000149802
0.000155249
0.000183847
0.000242406
0.00032003
0.000382675
0.00048345
0.000603292
0.000904256
0.00162875
0.00310498
0.0769803
0.00336372
0.00175132
0.00105951
0.000875658
0.000634614
0.000776244
0.00103772
0.00118888
0.00186026
0.00391935
0.0781215
0.00372189
0.00161105
0.00103635
0.000653679
0.000460299
0.000362247
0.00027509
0.000205637
0.000172953
0.000147078
0.000129374
0.000122565
0.000121203
0.000123927
0.000123927
0.000114394
0.000102137
0.000107585
9.80519e-05
9.26046e-05
9.26046e-05
9.80519e-05
8.98809e-05
0.000232873
0.00011167
9.66901e-05
0.000129374
0.000128012
0.000104861
0.000153887
0.000125289
0.000162058
0.000216531
0.000295518
0.000393569
0.000570608
0.00113985
0.00254799
0.0208565
0.00192699
0.00120522
0.000695896
0.000420806
0.000345905
0.00027509
0.00030505
0.000740837
0.000552904
0.00171727
0.00233009
0.00638018
0.0137981
0.0015593
0.000725856
0.000367695
0.00027509
0.000192018
0.000123927
0.000104861
6.94534e-05
5.31114e-05
5.44733e-05
2.85985e-05
2.72366e-05
2.85985e-05
2.17893e-05
2.72366e-05
2.31511e-05
1.77038e-05
2.99603e-05
2.17893e-05
1.77038e-05
3.2684e-05
2.99603e-05
1.90656e-05
2.4513e-05
2.04275e-05
2.04275e-05
3.13221e-05
1.22565e-05
3.2684e-05
3.13221e-05
4.49405e-05
8.17099e-05
6.12824e-05
0.000136183
0.000298241
0.000471194
0.00110989
0.0021694
0.00369193
0.00556581
0.0107054
0.306883
0.011009
0.00294156
0.00108947
0.000660488
0.000439872
0.00042353
0.000435786
0.000503878
0.000772159
0.00279039
0.00183847
0.00155794
0.00190384
0.00276316
0.000901533
0.000979157
0.00192154
0.00246492
0.00379543
0.00101048
0.00123382
0.00140405
0.00197193
0.00365516
0.00160696
0.0120972
0.00146397
0.00138907
0.00860542
0.00327929
0.0111602
0.00536834
0.0104439
0.00290887
0.00200189
0.0124662
0.00591852
0.00926454
0.0100871
0.005145
0.0103458
0.062869
0.164652
0.0104275
0.00364426
0.00180579
0.000983243
0.000615548
0.000374504
0.000265557
0.000209722
0.00012665
0.000113032
6.40061e-05
5.71969e-05
3.81313e-05
2.58748e-05
2.4513e-05
1.6342e-05
8.17099e-06
1.08947e-05
1.49802e-05
8.17099e-06
0
4.0855e-06
0
0
1.36183e-06
1.36183e-06
2.72366e-06
1.36183e-06
1.36183e-06
0
1.36183e-06
0
0
2.72366e-06
0
1.36183e-06
1.36183e-06
2.72366e-06
0
0
4.0855e-06
4.0855e-06
0
1.36183e-06
4.0855e-06
2.72366e-06
1.36183e-06
5.44733e-06
4.0855e-06
9.53282e-06
9.53282e-06
9.53282e-06
9.53282e-06
2.72366e-05